measured at 2026-10-06T18:11:56Z (final code: per-kind GROUP BY, commit 756cac8)
endpoint=/api/test/tasks/1/label-counts runs=5 requests_per_run=50 warmup=3
response bytes: 7157
run 1: n=50 min=25.2 p50=26.1 p95=27.8 max=29.5 ms
  raw ms: 25.2 25.2 25.3 25.3 25.3 25.3 25.3 25.3 25.4 25.5 25.5 25.5 25.5 25.5 25.5 25.6 25.6 25.7 25.7 25.8 25.9 26.0 26.0 26.0 26.0 26.1 26.1 26.2 26.2 26.3 26.4 26.4 26.4 26.4 26.4 26.4 26.7 26.7 26.7 26.8 26.9 26.9 27.0 27.0 27.2 27.6 27.6 27.8 27.8 29.5
run 2: n=50 min=24.7 p50=25.9 p95=27.5 max=78.8 ms
  raw ms: 24.7 25.0 25.2 25.2 25.3 25.3 25.3 25.4 25.5 25.6 25.6 25.6 25.6 25.7 25.7 25.7 25.8 25.8 25.8 25.8 25.8 25.8 25.9 25.9 25.9 26.0 26.0 26.1 26.3 26.4 26.4 26.5 26.5 26.5 26.6 26.6 26.6 26.6 26.6 26.7 26.8 26.8 26.8 26.9 27.1 27.1 27.2 27.5 28.9 78.8
run 3: n=50 min=24.3 p50=25.8 p95=27.2 max=34.9 ms
  raw ms: 24.3 24.9 25.1 25.3 25.3 25.3 25.3 25.4 25.4 25.4 25.4 25.5 25.5 25.5 25.5 25.5 25.5 25.6 25.6 25.6 25.7 25.7 25.7 25.8 25.8 25.8 26.0 26.0 26.0 26.0 26.1 26.1 26.1 26.1 26.2 26.2 26.2 26.2 26.4 26.5 26.6 26.6 26.7 26.7 26.8 26.9 27.1 27.2 27.4 34.9
run 4: n=50 min=25.1 p50=26.2 p95=27.5 max=29.9 ms
  raw ms: 25.1 25.2 25.3 25.4 25.4 25.4 25.5 25.5 25.5 25.5 25.6 25.7 25.7 25.7 25.7 25.8 25.9 25.9 25.9 26.0 26.0 26.1 26.1 26.1 26.2 26.2 26.3 26.4 26.4 26.5 26.5 26.5 26.6 26.7 26.8 26.8 26.9 26.9 26.9 26.9 27.0 27.0 27.0 27.2 27.3 27.3 27.3 27.5 28.5 29.9
run 5: n=50 min=25.2 p50=26.0 p95=27.6 max=30.4 ms
  raw ms: 25.2 25.2 25.2 25.3 25.3 25.4 25.4 25.4 25.5 25.5 25.5 25.5 25.5 25.6 25.6 25.6 25.6 25.6 25.7 25.8 25.8 25.8 25.8 26.0 26.0 26.0 26.0 26.1 26.1 26.2 26.2 26.2 26.4 26.4 26.4 26.5 26.5 26.6 26.7 26.7 26.9 26.9 27.0 27.1 27.1 27.1 27.3 27.6 29.3 30.4
