measured at 2026-10-06T17:58:55Z
endpoint=/api/test/tasks/1/label-counts runs=5 requests_per_run=50 warmup=3
response bytes: 4498
run 1: n=50 min=24.3 p50=25.0 p95=27.6 max=28.5 ms
  raw ms: 24.3 24.3 24.3 24.5 24.5 24.5 24.6 24.6 24.6 24.6 24.7 24.7 24.7 24.7 24.8 24.8 24.8 24.8 24.8 24.8 24.9 24.9 24.9 24.9 25.0 25.0 25.0 25.0 25.0 25.1 25.2 25.2 25.2 25.2 25.3 25.3 25.7 25.7 25.8 25.8 25.9 26.1 26.1 26.3 26.3 26.5 26.5 27.6 28.3 28.5
run 2: n=50 min=24.6 p50=25.2 p95=29.8 max=33.0 ms
  raw ms: 24.6 24.6 24.6 24.7 24.7 24.8 24.8 24.8 24.8 24.8 24.9 24.9 24.9 24.9 24.9 25.0 25.0 25.0 25.0 25.0 25.0 25.1 25.1 25.1 25.2 25.2 25.3 25.5 25.6 25.7 25.8 25.8 26.0 26.0 26.1 26.5 26.7 26.8 26.9 27.1 27.4 27.4 27.8 28.3 28.8 29.4 29.8 29.8 30.5 33.0
run 3: n=50 min=23.9 p50=25.4 p95=29.7 max=30.7 ms
  raw ms: 23.9 24.5 24.5 24.6 24.7 24.7 24.8 24.9 24.9 24.9 24.9 24.9 25.0 25.0 25.1 25.1 25.1 25.1 25.2 25.3 25.3 25.3 25.3 25.4 25.4 25.4 25.4 25.5 25.5 25.5 25.5 25.6 25.6 25.7 25.7 25.9 25.9 26.2 26.5 26.6 26.7 26.7 26.7 27.0 27.9 29.3 29.7 29.7 30.6 30.7
run 4: n=50 min=24.3 p50=25.0 p95=32.0 max=40.1 ms
  raw ms: 24.3 24.5 24.5 24.5 24.5 24.5 24.6 24.6 24.7 24.7 24.7 24.7 24.7 24.7 24.8 24.8 24.8 24.8 24.9 25.0 25.0 25.0 25.0 25.0 25.0 25.1 25.2 25.3 25.3 25.5 25.6 25.6 25.7 25.8 25.8 25.8 26.3 26.4 27.0 27.2 27.5 27.7 27.9 29.4 30.2 30.5 31.2 32.0 35.1 40.1
run 5: n=50 min=24.3 p50=25.3 p95=26.9 max=32.2 ms
  raw ms: 24.3 24.3 24.5 24.5 24.6 24.7 24.7 24.7 24.8 24.8 24.9 24.9 24.9 24.9 25.0 25.0 25.0 25.1 25.1 25.2 25.2 25.2 25.2 25.2 25.2 25.3 25.3 25.3 25.3 25.3 25.3 25.4 25.4 25.4 25.5 25.5 25.6 25.6 25.7 25.7 26.1 26.2 26.4 26.4 26.4 26.7 26.7 26.9 29.8 32.2
